0 0 1
0 0 53
0 0 106
0 0 158
0 0 211
0 0 263
0 0 316
0 0 369
0 0 421
0 0 474
0 0 526
0 0 579
0 0 631
0 0 684
0 0 737
0 0 789
0 0 842
0 0 894
0 0 947
0 0 1000
52 0 1
52 0 53
52 0 106
52 0 158
52 0 211
52 0 263
52 0 316
52 0 369
52 0 421
52 0 474
52 0 526
52 0 579
52 0 631
52 0 684
52 0 737
52 0 789
52 0 842
52 0 894
52 0 947
52 0 1000
105 0 1
105 0 53
105 0 106
105 0 158
105 0 211
105 0 263
105 0 316
105 0 369
105 0 421
105 0 474
105 0 526
105 0 579
105 0 631
105 0 684
105 0 737
105 0 789
105 0 842
105 0 894
105 0 947
105 0 1000
157 0 1
157 0 53
157 0 106
157 0 158
157 0 211
157 0 263
157 0 316
157 0 369
157 0 421
157 0 474
157 0 526
157 0 579
157 0 631
157 0 684
157 0 737
157 0 789
157 0 842
157 0 894
157 0 947
157 0 1000
210 0 1
210 0 53
210 0 106
210 0 158
210 0 211
210 0 263
210 0 316
210 0 369
210 0 421
210 0 474
210 0 526
210 0 579
210 0 631
210 0 684
210 0 737
210 0 789
210 0 842
210 0 894
210 0 947
210 0 1000
263 0 1
263 0 53
263 0 106
263 0 158
263 0 211
263 0 263
263 0 316
263 0 369
263 0 421
263 0 474
263 0 526
263 0 579
263 0 631
263 0 684
263 0 737
263 0 789
263 0 842
263 0 894
263 0 947
263 0 1000
315 0 1
315 0 53
315 0 106
315 0 158
315 0 211
315 0 263
315 0 316
315 0 369
315 0 421
315 0 474
315 0 526
315 0 579
315 0 631
315 0 684
315 0 737
315 0 789
315 0 842
315 0 894
315 0 947
315 0 1000
368 0 1
368 0 53
368 0 106
368 0 158
368 0 211
368 0 263
368 0 316
368 0 369
368 0 421
368 0 474
368 0 526
368 0 579
368 0 631
368 0 684
368 0 737
368 0 789
368 0 842
368 0 894
368 0 947
368 0 1000
421 0 1
421 0 53
421 0 106
421 0 158
421 0 211
421 0 263
421 0 316
421 0 369
421 0 421
421 0 474
421 0 526
421 0 579
421 0 631
421 0 684
421 0 737
421 0 789
421 0 842
421 0 894
421 0 947
421 0 1000
473 0 1
473 0 53
473 0 106
473 0 158
473 0 211
473 0 263
473 0 316
473 0 369
473 0 421
473 0 474
473 0 526
473 0 579
473 0 631
473 0 684
473 0 737
473 0 789
473 0 842
473 0 894
473 0 947
473 0 1000
526 0 1
526 0 53
526 0 106
526 0 158
526 0 211
526 0 263
526 0 316
526 0 369
526 0 421
526 0 474
526 0 526
526 0 579
526 0 631
526 0 684
526 0 737
526 0 789
526 0 842
526 0 894
526 0 947
526 0 1000
578 0 1
578 0 53
578 0 106
578 0 158
578 0 211
578 0 263
578 0 316
578 0 369
578 0 421
578 0 474
578 0 526
578 0 579
578 0 631
578 0 684
578 0 737
578 0 789
578 0 842
578 0 894
578 0 947
578 0 1000
631 0 1
631 0 53
631 0 106
631 0 158
631 0 211
631 0 263
631 0 316
631 0 369
631 0 421
631 0 474
631 0 526
631 0 579
631 0 631
631 0 684
631 0 737
631 0 789
631 0 842
631 0 894
631 0 947
631 0 1000
684 0 1
684 0 53
684 0 106
684 0 158
684 0 211
684 0 263
684 0 316
684 0 369
684 0 421
684 0 474
684 0 526
684 0 579
684 0 631
684 0 684
684 0 737
684 0 789
684 0 842
684 0 894
684 0 947
684 0 1000
736 0 1
736 0 53
736 0 106
736 0 158
736 0 211
736 0 263
736 0 316
736 0 369
736 0 421
736 0 474
736 0 526
736 0 579
736 0 631
736 0 684
736 0 737
736 0 789
736 0 842
736 0 894
736 0 947
736 0 1000
789 0 1
789 0 53
789 0 106
789 0 158
789 0 211
789 0 263
789 0 316
789 0 369
789 0 421
789 0 474
789 0 526
789 0 579
789 0 631
789 0 684
789 0 737
789 0 789
789 0 842
789 0 894
789 0 947
789 0 1000
842 0 1
842 0 53
842 0 106
842 0 158
842 0 211
842 0 263
842 0 316
842 0 369
842 0 421
842 0 474
842 0 526
842 0 579
842 0 631
842 0 684
842 0 737
842 0 789
842 0 842
842 0 894
842 0 947
842 0 1000
894 0 1
894 0 53
894 0 106
894 0 158
894 0 211
894 0 263
894 0 316
894 0 369
894 0 421
894 0 474
894 0 526
894 0 579
894 0 631
894 0 684
894 0 737
894 0 789
894 0 842
894 0 894
894 0 947
894 0 1000
947 0 1
947 0 53
947 0 106
947 0 158
947 0 211
947 0 263
947 0 316
947 0 369
947 0 421
947 0 474
947 0 526
947 0 579
947 0 631
947 0 684
947 0 737
947 0 789
947 0 842
947 0 894
947 0 947
947 0 1000
1000 0 1
1000 0 53
1000 0 106
1000 0 158
1000 0 211
1000 0 263
1000 0 316
1000 0 369
1000 0 421
1000 0 474
1000 0 526
1000 0 579
1000 0 631
1000 0 684
1000 0 737
1000 0 789
1000 0 842
1000 0 894
1000 0 947
1000 0 1000
0 52 1
0 52 53
0 52 106
0 52 158
0 52 211
0 52 263
0 52 316
0 52 369
0 52 421
0 52 474
0 52 526
0 52 579
0 52 631
0 52 684
0 52 737
0 52 789
0 52 842
0 52 894
0 52 947
0 52 1000
52 52 1000
105 52 1000
157 52 1000
210 52 1000
263 52 1000
315 52 1000
368 52 1000
421 52 1000
473 52 1000
526 52 1000
578 52 1000
631 52 1000
684 52 1000
736 52 1000
789 52 1000
842 52 1000
894 52 1000
947 52 1000
1000 52 1
1000 52 53
1000 52 106
1000 52 158
1000 52 211
1000 52 263
1000 52 316
1000 52 369
1000 52 421
1000 52 474
1000 52 526
1000 52 579
1000 52 631
1000 52 684
1000 52 737
1000 52 789
1000 52 842
1000 52 894
1000 52 947
1000 52 1000
0 105 1
0 105 53
0 105 106
0 105 158
0 105 211
0 105 263
0 105 316
0 105 369
0 105 421
0 105 474
0 105 526
0 105 579
0 105 631
0 105 684
0 105 737
0 105 789
0 105 842
0 105 894
0 105 947
0 105 1000
52 105 1000
105 105 1000
157 105 1000
210 105 1000
263 105 1000
315 105 1000
368 105 1000
421 105 1000
473 105 1000
526 105 1000
578 105 1000
631 105 1000
684 105 1000
736 105 1000
789 105 1000
842 105 1000
894 105 1000
947 105 1000
1000 105 1
1000 105 53
1000 105 106
1000 105 158
1000 105 211
1000 105 263
1000 105 316
1000 105 369
1000 105 421
1000 105 474
1000 105 526
1000 105 579
1000 105 631
1000 105 684
1000 105 737
1000 105 789
1000 105 842
1000 105 894
1000 105 947
1000 105 1000
0 157 1
0 157 53
0 157 106
0 157 158
0 157 211
0 157 263
0 157 316
0 157 369
0 157 421
0 157 474
0 157 526
0 157 579
0 157 631
0 157 684
0 157 737
0 157 789
0 157 842
0 157 894
0 157 947
0 157 1000
52 157 1000
105 157 1000
157 157 1000
210 157 1000
263 157 1000
315 157 1000
368 157 1000
421 157 1000
473 157 1000
526 157 1000
578 157 1000
631 157 1000
684 157 1000
736 157 1000
789 157 1000
842 157 1000
894 157 1000
947 157 1000
1000 157 1
1000 157 53
1000 157 106
1000 157 158
1000 157 211
1000 157 263
1000 157 316
1000 157 369
1000 157 421
1000 157 474
1000 157 526
1000 157 579
1000 157 631
1000 157 684
1000 157 737
1000 157 789
1000 157 842
1000 157 894
1000 157 947
1000 157 1000
0 210 1
0 210 53
0 210 106
0 210 158
0 210 211
0 210 263
0 210 316
0 210 369
0 210 421
0 210 474
0 210 526
0 210 579
0 210 631
0 210 684
0 210 737
0 210 789
0 210 842
0 210 894
0 210 947
0 210 1000
52 210 1000
105 210 1000
157 210 1000
210 210 1000
263 210 1000
315 210 1000
368 210 1000
421 210 1000
473 210 1000
526 210 1000
578 210 1000
631 210 1000
684 210 1000
736 210 1000
789 210 1000
842 210 1000
894 210 1000
947 210 1000
1000 210 1
1000 210 53
1000 210 106
1000 210 158
1000 210 211
1000 210 263
1000 210 316
1000 210 369
1000 210 421
1000 210 474
1000 210 526
1000 210 579
1000 210 631
1000 210 684
1000 210 737
1000 210 789
1000 210 842
1000 210 894
1000 210 947
1000 210 1000
0 263 1
0 263 53
0 263 106
0 263 158
0 263 211
0 263 263
0 263 316
0 263 369
0 263 421
0 263 474
0 263 526
0 263 579
0 263 631
0 263 684
0 263 737
0 263 789
0 263 842
0 263 894
0 263 947
0 263 1000
52 263 1000
105 263 1000
157 263 1000
210 263 1000
263 263 1000
315 263 1000
368 263 1000
421 263 1000
473 263 1000
526 263 1000
578 263 1000
631 263 1000
684 263 1000
736 263 1000
789 263 1000
842 263 1000
894 263 1000
947 263 1000
1000 263 1
1000 263 53
1000 263 106
1000 263 158
1000 263 211
1000 263 263
1000 263 316
1000 263 369
1000 263 421
1000 263 474
1000 263 526
1000 263 579
1000 263 631
1000 263 684
1000 263 737
1000 263 789
1000 263 842
1000 263 894
1000 263 947
1000 263 1000
0 315 1
0 315 53
0 315 106
0 315 158
0 315 211
0 315 263
0 315 316
0 315 369
0 315 421
0 315 474
0 315 526
0 315 579
0 315 631
0 315 684
0 315 737
0 315 789
0 315 842
0 315 894
0 315 947
0 315 1000
52 315 1000
105 315 1000
157 315 1000
210 315 1000
263 315 1000
315 315 1000
368 315 1000
421 315 1000
473 315 1000
526 315 1000
578 315 1000
631 315 1000
684 315 1000
736 315 1000
789 315 1000
842 315 1000
894 315 1000
947 315 1000
1000 315 1
1000 315 53
1000 315 106
1000 315 158
1000 315 211
1000 315 263
1000 315 316
1000 315 369
1000 315 421
1000 315 474
1000 315 526
1000 315 579
1000 315 631
1000 315 684
1000 315 737
1000 315 789
1000 315 842
1000 315 894
1000 315 947
1000 315 1000
0 368 1
0 368 53
0 368 106
0 368 158
0 368 211
0 368 263
0 368 316
0 368 369
0 368 421
0 368 474
0 368 526
0 368 579
0 368 631
0 368 684
0 368 737
0 368 789
0 368 842
0 368 894
0 368 947
0 368 1000
52 368 1000
105 368 1000
157 368 1000
210 368 1000
263 368 1000
315 368 1000
368 368 1000
421 368 1000
473 368 1000
526 368 1000
578 368 1000
631 368 1000
684 368 1000
736 368 1000
789 368 1000
842 368 1000
894 368 1000
947 368 1000
1000 368 1
1000 368 53
1000 368 106
1000 368 158
1000 368 211
1000 368 263
1000 368 316
1000 368 369
1000 368 421
1000 368 474
1000 368 526
1000 368 579
1000 368 631
1000 368 684
1000 368 737
1000 368 789
1000 368 842
1000 368 894
1000 368 947
1000 368 1000
0 421 1
0 421 53
0 421 106
0 421 158
0 421 211
0 421 263
0 421 316
0 421 369
0 421 421
0 421 474
0 421 526
0 421 579
0 421 631
0 421 684
0 421 737
0 421 789
0 421 842
0 421 894
0 421 947
0 421 1000
52 421 1000
105 421 1000
157 421 1000
210 421 1000
263 421 1000
315 421 1000
368 421 1000
421 421 1000
473 421 1000
526 421 1000
578 421 1000
631 421 1000
684 421 1000
736 421 1000
789 421 1000
842 421 1000
894 421 1000
947 421 1000
1000 421 1
1000 421 53
1000 421 106
1000 421 158
1000 421 211
1000 421 263
1000 421 316
1000 421 369
1000 421 421
1000 421 474
1000 421 526
1000 421 579
1000 421 631
1000 421 684
1000 421 737
1000 421 789
1000 421 842
1000 421 894
1000 421 947
1000 421 1000
0 473 1
0 473 53
0 473 106
0 473 158
0 473 211
0 473 263
0 473 316
0 473 369
0 473 421
0 473 474
0 473 526
0 473 579
0 473 631
0 473 684
0 473 737
0 473 789
0 473 842
0 473 894
0 473 947
0 473 1000
52 473 1000
105 473 1000
157 473 1000
210 473 1000
263 473 1000
315 473 1000
368 473 1000
421 473 1000
473 473 1000
526 473 1000
578 473 1000
631 473 1000
684 473 1000
736 473 1000
789 473 1000
842 473 1000
894 473 1000
947 473 1000
1000 473 1
1000 473 53
1000 473 106
1000 473 158
1000 473 211
1000 473 263
1000 473 316
1000 473 369
1000 473 421
1000 473 474
1000 473 526
1000 473 579
1000 473 631
1000 473 684
1000 473 737
1000 473 789
1000 473 842
1000 473 894
1000 473 947
1000 473 1000
0 526 1
0 526 53
0 526 106
0 526 158
0 526 211
0 526 263
0 526 316
0 526 369
0 526 421
0 526 474
0 526 526
0 526 579
0 526 631
0 526 684
0 526 737
0 526 789
0 526 842
0 526 894
0 526 947
0 526 1000
52 526 1000
105 526 1000
157 526 1000
210 526 1000
263 526 1000
315 526 1000
368 526 1000
421 526 1000
473 526 1000
526 526 1000
578 526 1000
631 526 1000
684 526 1000
736 526 1000
789 526 1000
842 526 1000
894 526 1000
947 526 1000
1000 526 1
1000 526 53
1000 526 106
1000 526 158
1000 526 211
1000 526 263
1000 526 316
1000 526 369
1000 526 421
1000 526 474
1000 526 526
1000 526 579
1000 526 631
1000 526 684
1000 526 737
1000 526 789
1000 526 842
1000 526 894
1000 526 947
1000 526 1000
0 578 1
0 578 53
0 578 106
0 578 158
0 578 211
0 578 263
0 578 316
0 578 369
0 578 421
0 578 474
0 578 526
0 578 579
0 578 631
0 578 684
0 578 737
0 578 789
0 578 842
0 578 894
0 578 947
0 578 1000
52 578 1000
105 578 1000
157 578 1000
210 578 1000
263 578 1000
315 578 1000
368 578 1000
421 578 1000
473 578 1000
526 578 1000
578 578 1000
631 578 1000
684 578 1000
736 578 1000
789 578 1000
842 578 1000
894 578 1000
947 578 1000
1000 578 1
1000 578 53
1000 578 106
1000 578 158
1000 578 211
1000 578 263
1000 578 316
1000 578 369
1000 578 421
1000 578 474
1000 578 526
1000 578 579
1000 578 631
1000 578 684
1000 578 737
1000 578 789
1000 578 842
1000 578 894
1000 578 947
1000 578 1000
0 631 1
0 631 53
0 631 106
0 631 158
0 631 211
0 631 263
0 631 316
0 631 369
0 631 421
0 631 474
0 631 526
0 631 579
0 631 631
0 631 684
0 631 737
0 631 789
0 631 842
0 631 894
0 631 947
0 631 1000
52 631 1000
105 631 1000
157 631 1000
210 631 1000
263 631 1000
315 631 1000
368 631 1000
421 631 1000
473 631 1000
526 631 1000
578 631 1000
631 631 1000
684 631 1000
736 631 1000
789 631 1000
842 631 1000
894 631 1000
947 631 1000
1000 631 1
1000 631 53
1000 631 106
1000 631 158
1000 631 211
1000 631 263
1000 631 316
1000 631 369
1000 631 421
1000 631 474
1000 631 526
1000 631 579
1000 631 631
1000 631 684
1000 631 737
1000 631 789
1000 631 842
1000 631 894
1000 631 947
1000 631 1000
0 684 1
0 684 53
0 684 106
0 684 158
0 684 211
0 684 263
0 684 316
0 684 369
0 684 421
0 684 474
0 684 526
0 684 579
0 684 631
0 684 684
0 684 737
0 684 789
0 684 842
0 684 894
0 684 947
0 684 1000
52 684 1000
105 684 1000
157 684 1000
210 684 1000
263 684 1000
315 684 1000
368 684 1000
421 684 1000
473 684 1000
526 684 1000
578 684 1000
631 684 1000
684 684 1000
736 684 1000
789 684 1000
842 684 1000
894 684 1000
947 684 1000
1000 684 1
1000 684 53
1000 684 106
1000 684 158
1000 684 211
1000 684 263
1000 684 316
1000 684 369
1000 684 421
1000 684 474
1000 684 526
1000 684 579
1000 684 631
1000 684 684
1000 684 737
1000 684 789
1000 684 842
1000 684 894
1000 684 947
1000 684 1000
0 736 1
0 736 53
0 736 106
0 736 158
0 736 211
0 736 263
0 736 316
0 736 369
0 736 421
0 736 474
0 736 526
0 736 579
0 736 631
0 736 684
0 736 737
0 736 789
0 736 842
0 736 894
0 736 947
0 736 1000
52 736 1000
105 736 1000
157 736 1000
210 736 1000
263 736 1000
315 736 1000
368 736 1000
421 736 1000
473 736 1000
526 736 1000
578 736 1000
631 736 1000
684 736 1000
736 736 1000
789 736 1000
842 736 1000
894 736 1000
947 736 1000
1000 736 1
1000 736 53
1000 736 106
1000 736 158
1000 736 211
1000 736 263
1000 736 316
1000 736 369
1000 736 421
1000 736 474
1000 736 526
1000 736 579
1000 736 631
1000 736 684
1000 736 737
1000 736 789
1000 736 842
1000 736 894
1000 736 947
1000 736 1000
0 789 1
0 789 53
0 789 106
0 789 158
0 789 211
0 789 263
0 789 316
0 789 369
0 789 421
0 789 474
0 789 526
0 789 579
0 789 631
0 789 684
0 789 737
0 789 789
0 789 842
0 789 894
0 789 947
0 789 1000
52 789 1000
105 789 1000
157 789 1000
210 789 1000
263 789 1000
315 789 1000
368 789 1000
421 789 1000
473 789 1000
526 789 1000
578 789 1000
631 789 1000
684 789 1000
736 789 1000
789 789 1000
842 789 1000
894 789 1000
947 789 1000
1000 789 1
1000 789 53
1000 789 106
1000 789 158
1000 789 211
1000 789 263
1000 789 316
1000 789 369
1000 789 421
1000 789 474
1000 789 526
1000 789 579
1000 789 631
1000 789 684
1000 789 737
1000 789 789
1000 789 842
1000 789 894
1000 789 947
1000 789 1000
0 842 1
0 842 53
0 842 106
0 842 158
0 842 211
0 842 263
0 842 316
0 842 369
0 842 421
0 842 474
0 842 526
0 842 579
0 842 631
0 842 684
0 842 737
0 842 789
0 842 842
0 842 894
0 842 947
0 842 1000
52 842 1000
105 842 1000
157 842 1000
210 842 1000
263 842 1000
315 842 1000
368 842 1000
421 842 1000
473 842 1000
526 842 1000
578 842 1000
631 842 1000
684 842 1000
736 842 1000
789 842 1000
842 842 1000
894 842 1000
947 842 1000
1000 842 1
1000 842 53
1000 842 106
1000 842 158
1000 842 211
1000 842 263
1000 842 316
1000 842 369
1000 842 421
1000 842 474
1000 842 526
1000 842 579
1000 842 631
1000 842 684
1000 842 737
1000 842 789
1000 842 842
1000 842 894
1000 842 947
1000 842 1000
0 894 1
0 894 53
0 894 106
0 894 158
0 894 211
0 894 263
0 894 316
0 894 369
0 894 421
0 894 474
0 894 526
0 894 579
0 894 631
0 894 684
0 894 737
0 894 789
0 894 842
0 894 894
0 894 947
0 894 1000
52 894 1000
105 894 1000
157 894 1000
210 894 1000
263 894 1000
315 894 1000
368 894 1000
421 894 1000
473 894 1000
526 894 1000
578 894 1000
631 894 1000
684 894 1000
736 894 1000
789 894 1000
842 894 1000
894 894 1000
947 894 1000
1000 894 1
1000 894 53
1000 894 106
1000 894 158
1000 894 211
1000 894 263
1000 894 316
1000 894 369
1000 894 421
1000 894 474
1000 894 526
1000 894 579
1000 894 631
1000 894 684
1000 894 737
1000 894 789
1000 894 842
1000 894 894
1000 894 947
1000 894 1000
0 947 1
0 947 53
0 947 106
0 947 158
0 947 211
0 947 263
0 947 316
0 947 369
0 947 421
0 947 474
0 947 526
0 947 579
0 947 631
0 947 684
0 947 737
0 947 789
0 947 842
0 947 894
0 947 947
0 947 1000
52 947 1000
105 947 1000
157 947 1000
210 947 1000
263 947 1000
315 947 1000
368 947 1000
421 947 1000
473 947 1000
526 947 1000
578 947 1000
631 947 1000
684 947 1000
736 947 1000
789 947 1000
842 947 1000
894 947 1000
947 947 1000
1000 947 1
1000 947 53
1000 947 106
1000 947 158
1000 947 211
1000 947 263
1000 947 316
1000 947 369
1000 947 421
1000 947 474
1000 947 526
1000 947 579
1000 947 631
1000 947 684
1000 947 737
1000 947 789
1000 947 842
1000 947 894
1000 947 947
1000 947 1000
0 1000 1
0 1000 53
0 1000 106
0 1000 158
0 1000 211
0 1000 263
0 1000 316
0 1000 369
0 1000 421
0 1000 474
0 1000 526
0 1000 579
0 1000 631
0 1000 684
0 1000 737
0 1000 789
0 1000 842
0 1000 894
0 1000 947
0 1000 1000
52 1000 1
52 1000 53
52 1000 106
52 1000 158
52 1000 211
52 1000 263
52 1000 316
52 1000 369
52 1000 421
52 1000 474
52 1000 526
52 1000 579
52 1000 631
52 1000 684
52 1000 737
52 1000 789
52 1000 842
52 1000 894
52 1000 947
52 1000 1000
105 1000 1
105 1000 53
105 1000 106
105 1000 158
105 1000 211
105 1000 263
105 1000 316
105 1000 369
105 1000 421
105 1000 474
105 1000 526
105 1000 579
105 1000 631
105 1000 684
105 1000 737
105 1000 789
105 1000 842
105 1000 894
105 1000 947
105 1000 1000
157 1000 1
157 1000 53
157 1000 106
157 1000 158
157 1000 211
157 1000 263
157 1000 316
157 1000 369
157 1000 421
157 1000 474
157 1000 526
157 1000 579
157 1000 631
157 1000 684
157 1000 737
157 1000 789
157 1000 842
157 1000 894
157 1000 947
157 1000 1000
210 1000 1
210 1000 53
210 1000 106
210 1000 158
210 1000 211
210 1000 263
210 1000 316
210 1000 369
210 1000 421
210 1000 474
210 1000 526
210 1000 579
210 1000 631
210 1000 684
210 1000 737
210 1000 789
210 1000 842
210 1000 894
210 1000 947
210 1000 1000
263 1000 1
263 1000 53
263 1000 106
263 1000 158
263 1000 211
263 1000 263
263 1000 316
263 1000 369
263 1000 421
263 1000 474
263 1000 526
263 1000 579
263 1000 631
263 1000 684
263 1000 737
263 1000 789
263 1000 842
263 1000 894
263 1000 947
263 1000 1000
315 1000 1
315 1000 53
315 1000 106
315 1000 158
315 1000 211
315 1000 263
315 1000 316
315 1000 369
315 1000 421
315 1000 474
315 1000 526
315 1000 579
315 1000 631
315 1000 684
315 1000 737
315 1000 789
315 1000 842
315 1000 894
315 1000 947
315 1000 1000
368 1000 1
368 1000 53
368 1000 106
368 1000 158
368 1000 211
368 1000 263
368 1000 316
368 1000 369
368 1000 421
368 1000 474
368 1000 526
368 1000 579
368 1000 631
368 1000 684
368 1000 737
368 1000 789
368 1000 842
368 1000 894
368 1000 947
368 1000 1000
421 1000 1
421 1000 53
421 1000 106
421 1000 158
421 1000 211
421 1000 263
421 1000 316
421 1000 369
421 1000 421
421 1000 474
421 1000 526
421 1000 579
421 1000 631
421 1000 684
421 1000 737
421 1000 789
421 1000 842
421 1000 894
421 1000 947
421 1000 1000
473 1000 1
473 1000 53
473 1000 106
473 1000 158
473 1000 211
473 1000 263
473 1000 316
473 1000 369
473 1000 421
473 1000 474
473 1000 526
473 1000 579
473 1000 631
473 1000 684
473 1000 737
473 1000 789
473 1000 842
473 1000 894
473 1000 947
473 1000 1000
526 1000 1
526 1000 53
526 1000 106
526 1000 158
526 1000 211
526 1000 263
526 1000 316
526 1000 369
526 1000 421
526 1000 474
526 1000 526
526 1000 579
526 1000 631
526 1000 684
526 1000 737
526 1000 789
526 1000 842
526 1000 894
526 1000 947
526 1000 1000
578 1000 1
578 1000 53
578 1000 106
578 1000 158
578 1000 211
578 1000 263
578 1000 316
578 1000 369
578 1000 421
578 1000 474
578 1000 526
578 1000 579
578 1000 631
578 1000 684
578 1000 737
578 1000 789
578 1000 842
578 1000 894
578 1000 947
578 1000 1000
631 1000 1
631 1000 53
631 1000 106
631 1000 158
631 1000 211
631 1000 263
631 1000 316
631 1000 369
631 1000 421
631 1000 474
631 1000 526
631 1000 579
631 1000 631
631 1000 684
631 1000 737
631 1000 789
631 1000 842
631 1000 894
631 1000 947
631 1000 1000
684 1000 1
684 1000 53
684 1000 106
684 1000 158
684 1000 211
684 1000 263
684 1000 316
684 1000 369
684 1000 421
684 1000 474
684 1000 526
684 1000 579
684 1000 631
684 1000 684
684 1000 737
684 1000 789
684 1000 842
684 1000 894
684 1000 947
684 1000 1000
736 1000 1
736 1000 53
736 1000 106
736 1000 158
736 1000 211
736 1000 263
736 1000 316
736 1000 369
736 1000 421
736 1000 474
736 1000 526
736 1000 579
736 1000 631
736 1000 684
736 1000 737
736 1000 789
736 1000 842
736 1000 894
736 1000 947
736 1000 1000
789 1000 1
789 1000 53
789 1000 106
789 1000 158
789 1000 211
789 1000 263
789 1000 316
789 1000 369
789 1000 421
789 1000 474
789 1000 526
789 1000 579
789 1000 631
789 1000 684
789 1000 737
789 1000 789
789 1000 842
789 1000 894
789 1000 947
789 1000 1000
842 1000 1
842 1000 53
842 1000 106
842 1000 158
842 1000 211
842 1000 263
842 1000 316
842 1000 369
842 1000 421
842 1000 474
842 1000 526
842 1000 579
842 1000 631
842 1000 684
842 1000 737
842 1000 789
842 1000 842
842 1000 894
842 1000 947
842 1000 1000
894 1000 1
894 1000 53
894 1000 106
894 1000 158
894 1000 211
894 1000 263
894 1000 316
894 1000 369
894 1000 421
894 1000 474
894 1000 526
894 1000 579
894 1000 631
894 1000 684
894 1000 737
894 1000 789
894 1000 842
894 1000 894
894 1000 947
894 1000 1000
947 1000 1
947 1000 53
947 1000 106
947 1000 158
947 1000 211
947 1000 263
947 1000 316
947 1000 369
947 1000 421
947 1000 474
947 1000 526
947 1000 579
947 1000 631
947 1000 684
947 1000 737
947 1000 789
947 1000 842
947 1000 894
947 1000 947
947 1000 1000
1000 1000 1
1000 1000 53
1000 1000 106
1000 1000 158
1000 1000 211
1000 1000 263
1000 1000 316
1000 1000 369
1000 1000 421
1000 1000 474
1000 1000 526
1000 1000 579
1000 1000 631
1000 1000 684
1000 1000 737
1000 1000 789
1000 1000 842
1000 1000 894
1000 1000 947
1000 1000 1000
