1000 1000 1099
474 632 1099
947 632 1099
895 632 1099
842 632 1099
789 632 1099
737 632 1099
684 632 1099
632 632 1099
579 632 1099
526 632 1099
421 632 1099
0 684 1099
368 632 1099
316 632 1099
263 632 1099
211 632 1099
158 632 1099
105 632 1099
53 632 1099
0 632 1099
1000 579 1099
1000 632 1099
53 684 1099
895 579 1099
684 684 1099
105 737 1099
53 737 1099
0 737 1099
1000 684 1099
947 684 1099
895 684 1099
842 684 1099
789 684 1099
737 684 1099
632 684 1099
105 684 1099
579 684 1099
526 684 1099
474 684 1099
421 684 1099
368 684 1099
316 684 1099
263 684 1099
211 684 1099
158 684 1099
947 579 1099
842 579 1099
1000 947 1099
53 526 1099
526 526 1099
474 526 1099
421 526 1099
368 526 1099
316 526 1099
263 526 1099
211 526 1099
158 526 1099
105 526 1099
0 526 1099
632 526 1099
947 474 1099
895 474 1099
842 474 1099
789 474 1099
737 474 1099
684 474 1099
632 474 1099
579 474 1099
526 474 1099
579 526 1099
684 526 1099
789 579 1099
263 579 1099
737 579 1099
684 579 1099
632 579 1099
579 579 1099
526 579 1099
474 579 1099
421 579 1099
368 579 1099
316 579 1099
211 579 1099
737 526 1099
158 579 1099
105 579 1099
53 579 1099
0 579 1099
1000 526 1099
947 526 1099
895 526 1099
842 526 1099
789 526 1099
158 737 1099
211 737 1099
263 737 1099
211 895 1099
684 895 1099
632 895 1099
579 895 1099
526 895 1099
474 895 1099
421 895 1099
368 895 1099
316 895 1099
263 895 1099
158 895 1099
789 895 1099
105 895 1099
53 895 1099
0 895 1099
1000 842 1099
947 842 1099
895 842 1099
842 842 1099
789 842 1099
737 842 1099
737 895 1099
842 895 1099
316 737 1099
421 947 1099
895 947 1099
842 947 1099
789 947 1099
737 947 1099
684 947 1099
632 947 1099
579 947 1099
526 947 1099
474 947 1099
368 947 1099
895 895 1099
316 947 1099
263 947 1099
211 947 1099
158 947 1099
105 947 1099
53 947 1099
0 947 1099
1000 895 1099
947 895 1099
684 842 1099
632 842 1099
579 842 1099
895 737 1099
316 789 1099
263 789 1099
211 789 1099
158 789 1099
105 789 1099
53 789 1099
0 789 1099
1000 737 1099
947 737 1099
842 737 1099
526 842 1099
789 737 1099
737 737 1099
684 737 1099
632 737 1099
579 737 1099
526 737 1099
474 737 1099
421 737 1099
368 737 1099
368 789 1099
421 789 1099
474 789 1099
526 789 1099
474 842 1099
421 842 1099
368 842 1099
316 842 1099
263 842 1099
211 842 1099
158 842 1099
105 842 1099
53 842 1099
0 842 1099
1000 789 1099
947 789 1099
895 789 1099
842 789 1099
789 789 1099
737 789 1099
684 789 1099
632 789 1099
579 789 1099
474 474 1099
421 474 1099
368 474 1099
895 105 1099
316 158 1099
263 158 1099
211 158 1099
158 158 1099
105 158 1099
53 158 1099
0 158 1099
1000 105 1099
947 105 1099
842 105 1099
421 158 1099
789 105 1099
737 105 1099
684 105 1099
632 105 1099
579 105 1099
526 105 1099
474 105 1099
421 105 1099
368 105 1099
368 158 1099
474 158 1099
632 211 1099
53 211 1099
526 211 1099
474 211 1099
421 211 1099
368 211 1099
316 211 1099
263 211 1099
211 211 1099
158 211 1099
105 211 1099
0 211 1099
526 158 1099
1000 158 1099
947 158 1099
895 158 1099
842 158 1099
789 158 1099
737 158 1099
684 158 1099
632 158 1099
579 158 1099
316 105 1099
263 105 1099
211 105 1099
526 0 1099
1000 0 1099
947 0 1099
895 0 1099
842 0 1099
789 0 1099
737 0 1099
684 0 1099
632 0 1099
579 0 1099
474 0 1099
158 105 1099
421 0 1099
368 0 1099
316 0 1099
263 0 1099
211 0 1099
158 0 1099
105 0 1099
53 0 1099
0 0 1099
0 53 1099
53 53 1099
105 53 1099
158 53 1099
105 105 1099
53 105 1099
0 105 1099
1000 53 1099
947 53 1099
895 53 1099
842 53 1099
789 53 1099
737 53 1099
684 53 1099
632 53 1099
579 53 1099
526 53 1099
474 53 1099
421 53 1099
368 53 1099
316 53 1099
263 53 1099
211 53 1099
579 211 1099
684 211 1099
316 474 1099
632 368 1099
53 421 1099
0 421 1099
1000 368 1099
947 368 1099
895 368 1099
842 368 1099
789 368 1099
737 368 1099
684 368 1099
579 368 1099
158 421 1099
526 368 1099
474 368 1099
421 368 1099
368 368 1099
316 368 1099
263 368 1099
211 368 1099
158 368 1099
105 368 1099
105 421 1099
211 421 1099
737 211 1099
842 421 1099
263 474 1099
211 474 1099
158 474 1099
105 474 1099
53 474 1099
0 474 1099
1000 421 1099
947 421 1099
895 421 1099
789 421 1099
263 421 1099
737 421 1099
684 421 1099
632 421 1099
579 421 1099
526 421 1099
474 421 1099
421 421 1099
368 421 1099
316 421 1099
53 368 1099
0 368 1099
1000 316 1099
263 263 1099
737 263 1099
684 263 1099
632 263 1099
579 263 1099
526 263 1099
474 263 1099
421 263 1099
368 263 1099
316 263 1099
211 263 1099
947 316 1099
158 263 1099
105 263 1099
53 263 1099
0 263 1099
1000 211 1099
947 211 1099
895 211 1099
842 211 1099
789 211 1099
789 263 1099
842 263 1099
895 263 1099
947 263 1099
895 316 1099
842 316 1099
789 316 1099
737 316 1099
684 316 1099
632 316 1099
579 316 1099
526 316 1099
474 316 1099
421 316 1099
368 316 1099
316 316 1099
263 316 1099
211 316 1099
158 316 1099
105 316 1099
53 316 1099
0 316 1099
1000 263 1099
947 947 1099
1000 474 1099
947 1000 1099
895 1000 1099
737 1000 1099
789 1000 1099
211 1000 1099
316 1000 1099
684 1000 1099
842 1000 1099
368 1000 1099
632 1000 1099
0 1000 1099
421 1000 1099
579 1000 1099
158 1000 1099
263 1000 1099
526 1000 1099
105 1000 1099
474 1000 1099
53 1000 1099
947 1000 1046
0 158 1046
1000 0 1046
1000 737 1046
526 0 1046
842 1000 1046
1000 158 1046
789 1000 1046
632 0 1046
263 1000 1046
0 737 1046
105 0 1046
1000 842 1046
0 789 1046
53 0 1046
1000 105 1046
105 1000 1046
0 895 1046
579 0 1046
1000 789 1046
526 1000 1046
0 105 1046
0 842 1046
158 1000 1046
0 53 1046
895 1000 1046
1000 53 1046
211 1000 1046
0 1000 1046
0 211 1046
1000 684 1046
421 1000 1046
0 579 1046
1000 526 1046
0 368 1046
263 0 1046
1000 368 1046
579 1000 1046
368 0 1046
474 1000 1046
0 526 1046
0 421 1046
1000 1000 1046
1000 474 1046
316 0 1046
0 474 1046
632 1000 1046
1000 316 1046
421 0 1046
0 263 1046
158 0 1046
947 0 1046
737 1000 1046
474 0 1046
316 1000 1046
0 684 1046
1000 632 1046
1000 579 1046
211 0 1046
368 1000 1046
0 632 1046
1000 263 1046
684 1000 1046
0 316 1046
1000 211 1046
1000 421 1046
1000 895 1046
789 0 1046
0 0 1046
1000 947 1046
0 947 1046
737 0 1046
53 1000 1046
895 0 1046
684 0 1046
842 0 1046
1000 789 994
737 0 994
368 1000 994
684 0 994
895 1000 994
1000 368 994
0 105 994
0 632 994
368 0 994
1000 684 994
0 368 994
0 842 994
1000 263 994
158 1000 994
789 1000 994
474 1000 994
0 526 994
895 0 994
1000 53 994
53 0 994
211 0 994
158 0 994
632 1000 994
1000 211 994
579 0 994
579 1000 994
526 0 994
0 1000 994
1000 158 994
842 1000 994
1000 316 994
1000 737 994
53 1000 994
1000 579 994
105 0 994
0 158 994
684 1000 994
0 947 994
421 1000 994
1000 947 994
0 789 994
263 1000 994
211 1000 994
0 316 994
0 579 994
1000 105 994
0 737 994
789 0 994
263 0 994
1000 526 994
0 211 994
0 421 994
421 0 994
947 1000 994
0 0 994
474 0 994
526 1000 994
1000 842 994
0 684 994
0 474 994
1000 1000 994
316 0 994
105 1000 994
1000 632 994
737 1000 994
1000 421 994
947 0 994
316 1000 994
1000 0 994
632 0 994
0 263 994
0 895 994
842 0 994
1000 895 994
0 53 994
1000 474 994
211 1000 941
0 947 941
632 0 941
579 1000 941
0 579 941
0 316 941
1000 895 941
1000 105 941
0 737 941
105 0 941
316 1000 941
263 0 941
105 1000 941
1000 421 941
1000 0 941
0 789 941
1000 737 941
526 0 941
0 263 941
421 0 941
1000 158 941
947 0 941
684 1000 941
842 1000 941
1000 316 941
1000 579 941
0 474 941
263 1000 941
53 1000 941
0 1000 941
526 1000 941
737 1000 941
0 158 941
1000 947 941
789 0 941
421 1000 941
0 684 941
0 632 941
1000 526 941
0 421 941
1000 53 941
0 105 941
947 1000 941
737 0 941
1000 211 941
1000 684 941
1000 263 941
0 526 941
0 842 941
895 1000 941
211 0 941
895 0 941
0 0 941
158 1000 941
474 1000 941
1000 842 941
789 1000 941
0 53 941
474 0 941
368 1000 941
684 0 941
0 211 941
579 0 941
158 0 941
0 368 941
0 895 941
1000 474 941
53 0 941
632 1000 941
842 0 941
1000 632 941
1000 789 941
316 0 941
1000 1000 941
368 0 941
1000 368 941
211 0 889
1000 158 889
1000 579 889
526 0 889
1000 263 889
789 1000 889
263 1000 889
684 0 889
158 0 889
0 632 889
316 1000 889
0 316 889
0 737 889
842 0 889
1000 632 889
737 1000 889
1000 211 889
474 0 889
684 1000 889
0 211 889
368 1000 889
0 684 889
789 0 889
1000 684 889
1000 105 889
0 842 889
632 1000 889
1000 368 889
895 1000 889
0 105 889
737 0 889
474 1000 889
895 0 889
158 1000 889
1000 53 889
0 526 889
53 0 889
0 421 889
0 0 889
1000 474 889
579 1000 889
1000 842 889
368 0 889
947 1000 889
0 53 889
316 0 889
0 1000 889
0 895 889
105 1000 889
1000 421 889
632 0 889
1000 895 889
1000 0 889
526 1000 889
0 474 889
947 0 889
1000 789 889
0 263 889
0 368 889
105 0 889
0 947 889
579 0 889
211 1000 889
0 579 889
0 158 889
1000 1000 889
1000 737 889
421 1000 889
1000 947 889
0 789 889
1000 316 889
53 1000 889
263 0 889
1000 526 889
842 1000 889
421 0 889
526 1000 836
316 0 836
421 1000 836
0 474 836
1000 632 836
421 0 836
0 1000 836
737 1000 836
1000 316 836
1000 579 836
1000 421 836
632 1000 836
211 0 836
368 0 836
737 0 836
1000 368 836
1000 526 836
789 0 836
474 1000 836
0 632 836
1000 947 836
368 1000 836
263 0 836
0 316 836
474 0 836
0 526 836
1000 263 836
0 421 836
0 368 836
0 579 836
0 263 836
1000 474 836
579 1000 836
684 1000 836
0 737 836
1000 158 836
1000 842 836
105 0 836
1000 1000 836
0 842 836
105 1000 836
842 1000 836
0 895 836
158 1000 836
1000 737 836
789 1000 836
0 158 836
1000 53 836
1000 105 836
1000 684 836
684 0 836
158 0 836
0 947 836
0 53 836
0 211 836
211 1000 836
632 0 836
263 1000 836
1000 211 836
0 105 836
947 1000 836
1000 789 836
0 684 836
842 0 836
316 1000 836
947 0 836
526 0 836
895 1000 836
895 0 836
1000 895 836
0 789 836
579 0 836
53 0 836
1000 0 836
53 1000 836
0 0 836
1000 316 784
684 1000 784
947 1000 784
421 1000 784
0 526 784
0 421 784
0 158 784
1000 947 784
632 0 784
263 0 784
1000 737 784
842 1000 784
0 263 784
0 789 784
789 0 784
1000 368 784
895 0 784
632 1000 784
1000 789 784
895 1000 784
0 105 784
1000 526 784
0 947 784
579 0 784
474 1000 784
211 1000 784
105 0 784
0 842 784
1000 105 784
0 368 784
158 1000 784
1000 158 784
421 0 784
0 579 784
1000 53 784
737 0 784
1000 474 784
53 1000 784
0 632 784
684 0 784
0 1000 784
158 0 784
1000 684 784
0 895 784
789 1000 784
1000 263 784
1000 421 784
105 1000 784
211 0 784
526 1000 784
1000 211 784
474 0 784
947 0 784
1000 0 784
737 1000 784
1000 632 784
0 0 784
1000 895 784
316 1000 784
0 684 784
842 0 784
0 474 784
0 211 784
368 1000 784
1000 1000 784
368 0 784
579 1000 784
53 0 784
0 737 784
0 316 784
263 1000 784
526 0 784
1000 579 784
316 0 784
0 53 784
1000 842 784
947 1000 731
1000 895 731
0 1000 731
895 0 731
316 0 731
0 474 731
1000 474 731
1000 0 731
0 105 731
737 0 731
632 0 731
0 53 731
0 842 731
474 1000 731
1000 53 731
579 1000 731
526 1000 731
105 1000 731
1000 421 731
368 0 731
158 1000 731
53 0 731
0 895 731
1000 842 731
0 421 731
0 526 731
1000 368 731
947 0 731
684 1000 731
1000 632 731
421 1000 731
1000 737 731
1000 684 731
263 0 731
474 0 731
1000 316 731
211 0 731
842 1000 731
1000 211 731
1000 158 731
1000 579 731
53 1000 731
526 0 731
1000 947 731
263 1000 731
684 0 731
0 316 731
1000 263 731
0 737 731
789 1000 731
0 632 731
0 211 731
158 0 731
737 1000 731
368 1000 731
0 158 731
1000 105 731
0 684 731
1000 526 731
579 0 731
842 0 731
105 0 731
789 0 731
895 1000 731
1000 789 731
1000 1000 731
632 1000 731
0 368 731
316 1000 731
0 263 731
421 0 731
0 0 731
0 579 731
211 1000 731
0 789 731
0 947 731
368 0 678
0 263 678
842 0 678
1000 421 678
1000 263 678
1000 0 678
474 0 678
789 1000 678
526 0 678
1000 211 678
0 53 678
737 1000 678
632 1000 678
0 211 678
0 316 678
789 0 678
895 1000 678
579 0 678
1000 105 678
0 368 678
0 105 678
0 158 678
1000 53 678
0 421 678
947 0 678
632 0 678
1000 316 678
947 1000 678
842 1000 678
737 0 678
1000 158 678
684 1000 678
1000 368 678
895 0 678
684 0 678
579 1000 678
421 0 678
0 474 678
0 526 678
1000 789 678
53 1000 678
0 947 678
0 684 678
263 0 678
1000 1000 678
105 0 678
1000 895 678
1000 842 678
1000 737 678
53 0 678
316 1000 678
211 0 678
0 895 678
0 789 678
105 1000 678
211 1000 678
1000 474 678
158 0 678
1000 526 678
368 1000 678
0 737 678
158 1000 678
0 1000 678
421 1000 678
0 579 678
0 842 678
1000 684 678
1000 947 678
0 632 678
1000 632 678
526 1000 678
1000 579 678
474 1000 678
263 1000 678
0 0 678
316 0 678
105 0 626
0 263 626
1000 368 626
0 842 626
1000 105 626
316 1000 626
895 1000 626
0 684 626
211 1000 626
1000 789 626
1000 737 626
421 0 626
579 0 626
421 1000 626
0 579 626
789 1000 626
0 737 626
0 211 626
0 368 626
263 1000 626
526 0 626
158 0 626
1000 526 626
1000 158 626
263 0 626
842 1000 626
1000 316 626
158 1000 626
632 1000 626
0 789 626
0 158 626
1000 211 626
0 105 626
0 316 626
1000 684 626
684 1000 626
579 1000 626
474 0 626
1000 0 626
1000 947 626
0 474 626
526 1000 626
1000 895 626
947 0 626
1000 263 626
1000 579 626
842 0 626
368 0 626
0 947 626
895 0 626
368 1000 626
684 0 626
53 1000 626
1000 421 626
789 0 626
105 1000 626
0 632 626
0 53 626
1000 53 626
211 0 626
1000 1000 626
474 1000 626
737 0 626
632 0 626
1000 632 626
947 1000 626
0 1000 626
1000 842 626
0 421 626
0 526 626
53 0 626
737 1000 626
0 895 626
316 0 626
1000 474 626
0 0 626
0 316 573
789 1000 573
0 684 573
526 0 573
368 1000 573
1000 263 573
211 0 573
474 0 573
316 1000 573
737 1000 573
0 263 573
1000 632 573
1000 684 573
1000 211 573
0 474 573
0 737 573
684 0 573
0 895 573
0 53 573
105 1000 573
53 0 573
1000 0 573
1000 895 573
947 0 573
0 947 573
947 1000 573
895 0 573
53 1000 573
0 0 573
842 0 573
1000 947 573
789 0 573
0 1000 573
1000 842 573
632 0 573
0 211 573
579 0 573
263 1000 573
158 0 573
1000 158 573
842 1000 573
1000 737 573
0 789 573
0 158 573
211 1000 573
1000 53 573
1000 105 573
0 632 573
1000 789 573
895 1000 573
0 842 573
0 105 573
158 1000 573
105 0 573
737 0 573
0 368 573
1000 579 573
368 0 573
474 1000 573
1000 421 573
1000 1000 573
632 1000 573
1000 316 573
526 1000 573
0 421 573
421 0 573
684 1000 573
1000 526 573
0 526 573
1000 368 573
263 0 573
421 1000 573
0 579 573
579 1000 573
316 0 573
1000 474 573
0 368 521
1000 316 521
947 0 521
632 0 521
842 1000 521
684 0 521
316 1000 521
1000 53 521
0 474 521
0 211 521
1000 1000 521
1000 211 521
0 947 521
368 0 521
1000 737 521
0 579 521
895 0 521
263 1000 521
421 1000 521
1000 895 521
1000 684 521
0 526 521
105 1000 521
158 0 521
789 1000 521
579 1000 521
0 895 521
53 0 521
0 737 521
1000 526 521
1000 158 521
263 0 521
0 53 521
526 0 521
1000 0 521
0 421 521
1000 842 521
947 1000 521
1000 474 521
1000 789 521
474 1000 521
0 842 521
316 0 521
579 0 521
684 1000 521
1000 947 521
737 0 521
1000 263 521
421 0 521
211 1000 521
368 1000 521
1000 579 521
0 105 521
789 0 521
474 0 521
1000 105 521
105 0 521
1000 368 521
895 1000 521
0 316 521
0 1000 521
0 632 521
842 0 521
0 263 521
1000 421 521
1000 632 521
53 1000 521
526 1000 521
0 684 521
632 1000 521
0 789 521
0 0 521
158 1000 521
211 0 521
737 1000 521
0 158 521
1000 842 468
0 526 468
0 895 468
1000 105 468
1000 368 468
263 1000 468
0 789 468
1000 737 468
474 1000 468
895 1000 468
0 632 468
0 579 468
105 0 468
1000 53 468
0 842 468
1000 158 468
1000 1000 468
0 421 468
0 105 468
579 0 468
158 1000 468
0 158 468
632 0 468
947 1000 468
842 1000 468
421 0 468
1000 526 468
158 0 468
211 1000 468
632 1000 468
316 0 468
0 211 468
0 684 468
1000 632 468
1000 316 468
0 947 468
0 263 468
263 0 468
895 0 468
0 368 468
1000 421 468
211 0 468
53 1000 468
526 1000 468
737 1000 468
0 0 468
842 0 468
684 0 468
684 1000 468
1000 947 468
1000 263 468
368 0 468
368 1000 468
1000 579 468
789 0 468
474 0 468
737 0 468
0 1000 468
0 316 468
0 474 468
316 1000 468
105 1000 468
1000 474 468
1000 895 468
789 1000 468
579 1000 468
526 0 468
1000 0 468
421 1000 468
1000 789 468
1000 684 468
53 0 468
0 737 468
0 53 468
947 0 468
1000 211 468
0 1000 415
895 1000 415
105 1000 415
368 0 415
0 474 415
0 0 415
1000 368 415
0 895 415
0 842 415
105 0 415
0 53 415
316 0 415
789 0 415
737 0 415
684 0 415
842 0 415
53 0 415
1000 947 415
632 0 415
947 0 415
0 947 415
1000 421 415
1000 842 415
158 1000 415
947 1000 415
1000 474 415
895 0 415
474 1000 415
1000 1000 415
1000 895 415
0 105 415
0 421 415
53 1000 415
526 1000 415
1000 0 415
579 1000 415
1000 53 415
0 526 415
0 632 415
1000 789 415
579 0 415
737 1000 415
0 789 415
0 684 415
263 0 415
0 211 415
1000 316 415
1000 737 415
1000 526 415
842 1000 415
316 1000 415
211 0 415
0 158 415
1000 211 415
526 0 415
158 0 415
789 1000 415
1000 158 415
421 1000 415
0 579 415
1000 684 415
263 1000 415
0 737 415
1000 632 415
0 263 415
0 368 415
368 1000 415
421 0 415
684 1000 415
632 1000 415
1000 105 415
211 1000 415
0 316 415
1000 579 415
1000 263 415
474 0 415
53 0 363
1000 0 363
526 0 363
1000 1000 363
1000 895 363
1000 211 363
789 0 363
474 0 363
789 1000 363
737 0 363
105 1000 363
0 1000 363
0 316 363
1000 684 363
0 737 363
0 53 363
0 474 363
0 632 363
0 368 363
579 1000 363
1000 632 363
1000 474 363
1000 263 363
842 0 363
737 1000 363
1000 947 363
684 1000 363
526 1000 363
53 1000 363
1000 579 363
0 684 363
895 0 363
1000 421 363
211 0 363
0 263 363
1000 316 363
368 1000 363
0 947 363
0 0 363
368 0 363
316 1000 363
684 0 363
947 0 363
263 0 363
421 1000 363
0 211 363
947 1000 363
1000 842 363
0 421 363
842 1000 363
1000 53 363
1000 737 363
1000 526 363
0 789 363
632 0 363
0 105 363
0 158 363
474 1000 363
632 1000 363
211 1000 363
0 842 363
105 0 363
316 0 363
1000 105 363
421 0 363
1000 368 363
1000 789 363
895 1000 363
579 0 363
158 1000 363
0 579 363
0 895 363
158 0 363
0 526 363
1000 158 363
263 1000 363
474 1000 310
1000 1000 310
1000 263 310
368 1000 310
0 158 310
1000 947 310
842 0 310
1000 158 310
0 579 310
632 1000 310
105 1000 310
316 0 310
737 1000 310
0 105 310
684 1000 310
632 0 310
53 1000 310
1000 632 310
211 1000 310
0 895 310
737 0 310
895 1000 310
0 632 310
0 474 310
0 368 310
421 0 310
0 1000 310
0 316 310
0 211 310
789 0 310
474 0 310
1000 105 310
0 53 310
263 0 310
263 1000 310
368 0 310
0 737 310
0 0 310
0 842 310
1000 0 310
1000 789 310
947 0 310
1000 842 310
53 0 310
1000 53 310
316 1000 310
1000 368 310
789 1000 310
842 1000 310
0 421 310
211 0 310
1000 211 310
1000 474 310
421 1000 310
0 947 310
947 1000 310
526 0 310
579 1000 310
158 0 310
1000 895 310
579 0 310
1000 684 310
684 0 310
1000 579 310
0 684 310
0 789 310
895 0 310
1000 737 310
1000 526 310
1000 316 310
0 526 310
158 1000 310
1000 421 310
105 0 310
0 263 310
526 1000 310
421 0 258
684 0 258
53 0 258
263 0 258
474 0 258
737 0 258
211 0 258
0 0 258
368 0 258
526 0 258
105 0 258
316 0 258
158 0 258
632 0 258
579 0 258
1000 316 258
1000 1000 258
421 1000 258
1000 526 258
474 1000 258
0 526 258
1000 474 258
0 474 258
1000 421 258
579 1000 258
0 421 258
1000 368 258
632 1000 258
0 368 258
684 1000 258
0 316 258
1000 263 258
737 1000 258
0 263 258
1000 211 258
789 1000 258
0 211 258
1000 158 258
842 1000 258
0 579 258
1000 579 258
1000 105 258
0 632 258
0 1000 258
1000 947 258
53 1000 258
0 947 258
1000 895 258
105 1000 258
0 895 258
1000 842 258
158 1000 258
0 842 258
1000 789 258
211 1000 258
0 789 258
1000 737 258
263 1000 258
0 737 258
1000 684 258
316 1000 258
0 684 258
1000 632 258
368 1000 258
0 158 258
526 1000 258
789 0 258
947 1000 258
1000 0 258
947 0 258
895 1000 258
842 0 258
895 0 258
0 53 258
0 105 258
1000 53 258
1000 1000 205
368 0 205
895 1000 205
0 474 205
526 1000 205
1000 474 205
1000 842 205
0 526 205
0 895 205
105 1000 205
0 789 205
1000 421 205
474 1000 205
579 1000 205
0 421 205
421 0 205
947 1000 205
1000 368 205
1000 895 205
632 1000 205
53 0 205
1000 0 205
0 579 205
316 0 205
947 0 205
158 0 205
1000 737 205
211 1000 205
263 1000 205
895 0 205
0 737 205
1000 684 205
1000 789 205
211 0 205
316 1000 205
0 684 205
1000 632 205
1000 526 205
0 842 205
842 0 205
368 1000 205
158 1000 205
263 0 205
0 632 205
105 0 205
1000 579 205
421 1000 205
684 0 205
1000 316 205
0 368 205
0 53 205
737 0 205
0 158 205
53 1000 205
737 1000 205
1000 158 205
579 0 205
1000 947 205
1000 263 205
1000 53 205
526 0 205
842 1000 205
0 947 205
0 316 205
789 0 205
0 1000 205
0 211 205
0 263 205
632 0 205
1000 105 205
0 0 205
1000 211 205
0 105 205
789 1000 205
474 0 205
684 1000 205
0 211 153
1000 0 153
842 0 153
0 632 153
632 0 153
1000 579 153
368 1000 153
105 0 153
1000 158 153
421 1000 153
1000 632 153
789 1000 153
263 0 153
1000 316 153
0 842 153
0 158 153
158 0 153
0 0 153
1000 1000 153
895 0 153
1000 737 153
1000 105 153
211 1000 153
263 1000 153
789 0 153
0 737 153
0 684 153
1000 684 153
1000 789 153
211 0 153
842 1000 153
0 1000 153
316 1000 153
684 0 153
947 0 153
579 0 153
1000 947 153
158 1000 153
0 789 153
421 0 153
632 1000 153
526 1000 153
368 0 153
737 1000 153
0 53 153
0 579 153
0 474 153
474 0 153
1000 263 153
1000 421 153
105 1000 153
579 1000 153
0 316 153
1000 53 153
0 421 153
1000 895 153
1000 368 153
0 895 153
0 947 153
1000 474 153
0 263 153
53 0 153
895 1000 153
1000 211 153
0 368 153
316 0 153
1000 526 153
737 0 153
1000 842 153
474 1000 153
0 105 153
684 1000 153
526 0 153
0 526 153
53 1000 153
947 1000 153
895 0 100
0 947 100
1000 947 100
1000 895 100
105 1000 100
211 1000 100
1000 789 100
737 0 100
0 1000 100
0 895 100
842 0 100
53 1000 100
1000 842 100
158 1000 100
105 0 100
53 0 100
0 842 100
684 0 100
158 0 100
737 1000 100
0 421 100
421 0 100
1000 368 100
632 1000 100
947 1000 100
0 368 100
1000 316 100
684 1000 100
474 0 100
1000 53 100
0 316 100
1000 263 100
0 105 100
0 789 100
526 0 100
0 263 100
1000 211 100
789 1000 100
0 211 100
1000 158 100
579 0 100
842 1000 100
632 0 100
0 158 100
1000 105 100
895 1000 100
579 1000 100
1000 421 100
0 474 100
789 0 100
1000 737 100
263 1000 100
0 737 100
1000 1000 100
1000 684 100
211 0 100
316 1000 100
947 0 100
0 684 100
1000 632 100
368 1000 100
1000 0 100
263 0 100
0 632 100
1000 579 100
421 1000 100
0 579 100
316 0 100
1000 526 100
474 1000 100
0 526 100
0 53 100
1000 474 100
526 1000 100
368 0 100
0 0 100
